0.3744310903254973
-2.251438554075211
3.3052746270610482
-0.8883617656828366
1.839730841480453
-1.8454096103683773
-6.741211134338393
-3.833014509663129
-0.5753990274312447
8.27545865374353
1.6336821488089854
-0.6846248649694027
1.8469594972315262
2.596740254731376
1.1357280468386133
1.6346883657237856
-0.7446418211060675
2.089450757878412
3.079340189840048
0.7628725381336244
8.021531546133467
1.9411099426089193
-3.7330909325477926
-3.675425295443305
0.08515687783881859
-6.005090993246973
1.2426324059767433
-5.337387197201395
3.4973827349311044
-3.6324976106443865